1 0.000175
2 0.00019
3 0.000221
4 0.000234
5 0.000256
6 0.000271
7 0.000286
8 0.000299
9 0.000367
10 0.000388
20 0.000602
30 0.00088
40 0.001115
50 0.001365
60 0.001614
70 0.001842
80 0.002097
90 0.002334
100 0.002575
200 0.005018
300 0.007495
400 0.015078
500 0.012409
600 0.014826
700 0.017298
800 0.019759
900 0.022173
1000 0.024623
2000 0.049147
3000 0.086467
4000 0.103739
5000 0.122677
6000 0.147148
7000 0.17159
8000 0.196162
9000 0.220621
10000 0.245168
20000 0.495689
30000 0.734979
40000 0.985466
50000 1.23794
60000 1.47771
70000 1.72828
80000 1.97458
90000 2.211
100000 2.45631
200000 4.91901
300000 7.37322
400000 9.83257
500000 12.289
600000 14.7421
700000 17.2025
800000 19.6583
900000 22.1141
1000000 24.5704
2000000 49.1196
3000000 73.6955
4000000 98.237
5000000 122.791
6000000 147.339
7000000 171.913
8000000 196.48
9000000 221.08
10000000 245.584
20000000 491.13
30000000 736.69
40000000 982.272
50000000 1227.81
60000000 1473.32
70000000 1718.9
80000000 1964.44
90000000 2210.05
100000000 2455.62
