1 0.000151
2 0.000175
3 0.000147
4 0.000174
5 0.000135
6 0.000168
7 0.000137
8 0.000184
9 0.00017
10 0.000187
20 0.000218
30 0.00029
40 0.000297
50 0.0003
60 0.00036
70 0.000397
80 0.000476
90 0.000497
100 0.00049
200 0.000956
300 0.001335
400 0.001724
500 0.002125
600 0.00246
700 0.002906
800 0.003325
900 0.003631
1000 0.00412
2000 0.00802
3000 0.01202
4000 0.015863
5000 0.01987
6000 0.023787
7000 0.027754
8000 0.031725
9000 0.041887
10000 0.039532
20000 0.078959
30000 0.118192
40000 0.157539
50000 0.196989
60000 0.241948
70000 0.284014
80000 0.322792
90000 0.354307
100000 0.393619
200000 0.791478
300000 1.18538
400000 1.58597
500000 1.97543
600000 2.36971
700000 2.77304
800000 3.15917
900000 3.55649
1000000 3.95297
2000000 7.90132
3000000 11.8424
4000000 15.7962
5000000 19.7434
6000000 23.6824
7000000 27.6382
8000000 31.5791
9000000 35.5275
10000000 44.5242
20000000 78.936
30000000 118.399
40000000 157.876
50000000 197.484
60000000 236.794
70000000 276.259
80000000 315.703
90000000 355.192
100000000 394.651
