1 0.005403
2 0.010686
3 0.015958
4 0.021178
5 0.025631
6 0.03172
7 0.037
8 0.042267
9 0.047512
10 0.051956
20 0.110561
30 0.162673
40 0.215645
50 0.267916
60 0.315168
70 0.36783
80 0.420418
90 0.480363
100 0.533865
200 1.05692
300 1.58179
400 2.11793
500 2.649
600 3.17484
700 3.70181
800 4.22223
900 4.75152
1000 5.27987
2000 10.5563
3000 15.8431
4000 21.1156
5000 26.4001
6000 31.6652
7000 36.9498
8000 42.22
9000 47.4998
10000 52.7697
20000 105.537
30000 158.32
40000 211.072
50000 263.826
60000 316.605
70000 369.366
80000 422.132
90000 474.899
100000 527.655
200000 1055.29
300000 1582.95
400000 2110.49
500000 2638.22
600000 3165.81
700000 3693.53
800000 4221.19
900000 4749.67
1000000 5276.3
2000000 10553.2
3000000 15830.4
4000000 21105
5000000 26382.4
6000000 31658.6
7000000 36934.6
8000000 42212.6
9000000 47489.2
10000000 52765.5
20000000 105530
30000000 158293
40000000 211055
50000000 263823
60000000 316582
70000000 369352
80000000 422115
90000000 474889
100000000 527648
