1 0.000607
2 0.001129
3 0.001576
4 0.00206
5 0.00245
6 0.003009
7 0.00349
8 0.00396
9 0.004438
10 0.004861
20 0.009616
30 0.014419
40 0.019189
50 0.023959
60 0.028768
70 0.0336
80 0.03837
90 0.043087
100 0.04792
200 0.095769
300 0.143623
400 0.19138
500 0.239336
600 0.293112
700 0.340349
800 0.39505
900 0.430531
1000 0.47846
2000 0.96206
3000 1.43981
4000 1.92884
5000 2.40448
6000 2.88549
7000 3.3581
8000 3.84055
9000 4.32135
10000 4.80247
20000 9.59519
30000 14.3983
40000 19.1953
50000 23.9874
60000 28.7855
70000 33.5775
80000 38.3811
90000 43.1656
100000 47.9638
200000 95.935
300000 143.878
400000 191.813
500000 239.78
600000 287.714
700000 335.672
800000 383.632
900000 431.603
1000000 479.493
2000000 959.037
3000000 1438.54
4000000 1918.08
5000000 2397.54
6000000 2878.1
7000000 3356.65
8000000 3836.12
9000000 4315.61
10000000 4795.16
20000000 9590.13
30000000 14386.4
40000000 19180.5
50000000 23977
60000000 28771.7
70000000 33566.4
80000000 38362.4
90000000 43156.1
100000000 47952.7
